0200000000000000
0200130000000000
0200000000000000
00001a0000000000
0200000000000000
0200060000000000
0200000000000000
0200170000000000
0200000000000000
0200090000000000
0200000000000000
4000000000000000
4000240000000000
4000000000000000
0000130000000000
0000210000000000
0000060000000000
00000e0000000000
0000200000000000
0000170000000000
2000000000000000
2000380000000000
0000380000000000
0000220000000000
0000130000000000
00001e0000000000
0000170000000000
0000170000000000
00001e0000000000
0000110000000000
00000a0000000000
2000000000000000
2000380000000000
0000380000000000
00000e0000000000
0000200000000000
00001c0000000000
0000050000000000
0000270000000000
0000210000000000
0000150000000000
0000070000000000
4000000000000000
4000270000000000
4000000000000000
